rotation:
  w: 4.329780281177467e-17
  x: -0.7071067811865475
  y: 0.7071067811865476
  z: 4.3297802811774664e-17
translation:
  x: 300.0
  y: 400.0
  z: 700.0
