rotation:
  w: -3.749399456654644e-33
  x: 1.0
  y: -6.123233995736766e-17
  z: -6.123233995736766e-17
translation:
  x: 900.0
  y: -50.000000000000014
  z: 400.0
